1992                                             528.56 
1995                                            1731.66 
2000                                            4515.71 
2005                                           14769.35 
2006                                           18046.76 
2007                                           23397.13 
2008                                           26696.84 
2009                                           34606.23 
2010                                           42996.48 
2011                                           44491.28 
2012                                           51028.41 
2013                                           70706.67 
2014                                           66463.80 
2015                                           70174.34 
2016                                           90091.51 
2017                                           95896.90 
2018                                          112924.68 
2019                                          110239.78 
2020                                          118582.08 
2021                                          134342.24 
2022                                          123051.98