1998                                76.1
2000                                75.6
2005                                72.7
2006                                74.1
2007                                74.4
2008                                72.3
2009                                73.5
2010                                74.5
2011                                75.4
2012                                75.2
2013                                76.0

2014                                77.0
2015                                77.7
2016                                78.3
2017                                79.1
2018                                79.1
2019                                80.4
2020                                80.7
2021                                80.3
2022                                79.1