1998 33366
2000 30631
2005 58733
2006 61084
2007 77932
2008 85087
2009 75463
2010 76332
2011 68500
2012 70108
2013 72245
201- 68966
2015 62476
2016 57258
2017 53785
2018 49486
2019 49503
2020 52862
2021 51528
2022 40476
38717 21779
1237 370
543 265
Inner 41405
36853 25535
179 273
Shanghai 2737
Jiangsu Zhejiang
107526 92082
90430 82637
1402 1236
1948 621
6402 1255
878 1885
Hunan 868
Guangdong 10022
Guangxi Hainan
31047 85521
81188 142594
1235 381
592 373
Tibet 65156
3499 1157
Qinghai 12242
135 Beijing