1998 50770.14 17566.60 34.6
2000 65896.92 25104.86 38.1
2005 166053.26 53417.04 32.2
2006 194786.42 55830.92 28.7
2007 236318.24 60606.68 25.6
2008 283266.20 66544.80 23.5
2009 320368.20 72677.40 22.7
2010 405356.40 78743.90 19.4
2011 506775.48 92619.94 18.3 
2012 573417.52 99424.96 17.3 
2013 665571.89 101434.99 15.2 
2014 726482.34 107459.05 14.8 
2015 735693.37 100039.10 13.6 
2016 758974.80 106127.71 14.0 
2017 781483.73 101486.41 13.0
2018 822299.56 94421.15 11.5
2019 893820.89 95941.53 10.7
2020 926759.19 91218.23 9.8 
2021 975386.51 101411.94 10.4
2022 904091.85 85857.30 9.5