2005 21397.84 7000.39 6954.23 1341.18
2006 27135.55 8597.09 8192.65 2588.38
2007 37477.96 11772.53 10663.20 5080.43
2008 39619.36 15312.10 9756.68 3886.04
2009 57799.04 17949.12 16217.49 8561.65
2010 72944.04 26637.21 19275.15 9523.77
2011 85688.73 35004.57 22470.32 8678.37
2012 96536.81 39081.96 26558.02 10523.78
2013 122122.47 47424.95 34498.97 14033.26
2014 121991.48 50419.80 30237.51 13665.45
2015 125203.06 49037.56 32520.34 16661.65
2016 144214.05 49132.85 41952.14 24402.94
2017 156052.62 50872.22 48693.57 23906.31
2018 166407.11 55754.79 55748.16 23643.06
2019 178608.59 58157.84 61358.88 27281.03
2020 193114.85 63376.65 66546.83 29975.81
2021 201132.21 65427.69 73945.65 32388.19
2022 148357.29 52525.30 49193.59 23760.49