1975    17.34    82.66
1976    17.44    82.56
1977    17.55    82.45
1978    17.92    82.08
1979    18.96    81.04
1980    19.39    80.61
1981    20.16    79.84
1982    21.13    78.87
1983    21.62    78.38
1984    23.01    76.99
1985    23.71    76.29
1986    24.52    75.48
1987    25.32    74.68
1988    25.81    74.19
1989    26.21    73.79
1990    26.41    73.59
2000    36.22    63.78
2001    37.66    62.34
2002    39.09    60.91
2003    40.53    59.47
2004    41.76    58.24
2005    42.99    57.01
2006    44.34    55.66
2007    45.89    54.11
2008    46.99    53.01
2009    48.34    51.66
2010    49.95    50.05
2011    51.83    48.17
2012    53.10    46.90
2013    54.49    45.51
2014    55.75    44.25
2015    57.33    42.67
