1978       18.25        6.25
1979       17.82        6.21
1980       18.21        6.34
1981       20.91        6.36
1982       22.28        6.60
1983       20.19        6.90
1984       19.90        6.82
1985       21.04        6.78
1986       22.43        6.86
1987       23.33        6.72
1988       22.37        6.64
1989       21.58        6.54
1990       21.06        6.67
1991       19.68        6.70
1992       18.24        6.64
1993       18.09        6.64
1994       17.70        6.49

1995       17.12        6.57
1996       16.98        6.56
1997       16.57        6.51
1998       15.64        6.50
1999       14.64        6.46
2000       14.03        6.45
2001       13.38        6.43
2002       12.86        6.41
2003       12.41        6.40
2004       12.29        6.42
2005       12.40        6.51
2006       12.09        6.81
2007       12.10        6.93
2008       12.14        7.06

2009       11.95        7.08
2010       11.90        7.11
2011       13.27        7.14
2012       14.57        7.13
2013       13.03        7.13
2014       13.83        7.12
2015       11.99        7.07
2016       13.57        7.04
2017       12.64        7.06
2018       10.86        7.08
2019       10.41        7.09
2020        8.52        7.07
2021        7.52        7.18
2022        6.77        7.37